image_width: 640
image_height: 480
camera_name: webcam
camera_matrix:
  rows: 3
  cols: 3
  data: [699.353930, 0.000000, 320.311360, 0.000000, 705.632696, 155.061828, 0.000000, 0.000000, 1.000000]
distortion_model: plumb_bob
distortion_coefficients:
  rows: 1
  cols: 5
  data: [0.106713, -0.110091, -0.047348, 0.004704, 0.000000]
rectification_matrix:
  rows: 3
  cols: 3
  data: [1.000000, 0.000000, 0.000000, 0.000000, 1.000000, 0.000000, 0.000000, 0.000000, 1.000000]
projection_matrix:
  rows: 3
  cols: 4
  data: [725.878662, 0.000000, 322.292510, 0.000000, 0.000000, 700.970398, 140.459872, 0.000000, 0.000000, 0.000000, 1.000000, 0.000000]
